21
23
22
24
28
27
25
25
24
20
30
24
21
23
23
20
22
26
33
25
26
25
28
28
53
29
49
29
40
25
35
18
30
34
35
21
30
23
18
20
35
22
22
36
33
27
23
28
25
30
30
27
29
36
55
59
46
58
24
29
24
25
24
23
24
29
25
21
23
27
26
28
25
22
22
25
29
38
24
23
24
27
34
38
56
43
49
22
24
29
25
24
27
21
32
25
25
27
28
25
22
32
28
28
32
24
32
30
32
32
31
49
38
28
35
23
29
25
20
22
25
22
24
22
15
23
31
28
25
18
24
24
31
23
20
41
45
27
33
26
44
71
57
48
70
26
22
25
21
18
32
33
28
24
24
20
27
29
27
27
29
28
23
22
25
32
25
32
32
24
53
53
39
50
54
18
33
24
29
29
19
30
26
24
24
23
23
25
30
23
30
28
37
26
39
34
27
32
30
49
25
47
43
32
25
23
24
28
24
22
30
28
30
21
23
29
29
31
22
27
30
30
28
22
27
31
29
30
30
44
33
31
42
51
22
16
24
17
19
25
31
29
27
23
23
19
26
22
32
23
24
28
23
24
35
28
26
29
30
46
48
48
42
65
20
21
17
30
24
18
26
17
27
23
33
23
21
30
23
27
27
29
31
24
32
32
32
26
31
44
62
70
45
33
16
33
26
25
20
25
25
31
26
21
20
26
20
25
21
24
25
24
30
27
27
27
29
70
45
38
49
41
16
23
25
18
29
26
23
21
22
25
23
17
22
35
25
25
19
25
32
28
30
31
49
49
62
57
37
27
21
34
19
24
15
20
28
23
24
24
21
31
24
20
22
21
32
23
23
29
25
25
26
49
37
55
49
15
16
20
20
23
18
21
30
25
24
23
23
28
30
27
29
27
24
25
22
33
32
30
24
61
53
35
55
26
18
30
25
34
19
23
29
25
21
25
29
26
28
34
22
23
23
38
29
38
33
24
24
30
40
33
52
49
18
31
25
17
17
14
23
25
27
23
20
21
29
24
29
23
30
30
35
30
31
32
32
36
31
54
49
38
51
58
25
26
29
26
22
21
26
29
22
20
25
33
21
25
24
23
23
23
24
25
27
43
26
29
24
45
49
53
56
42
24
27
31
25
20
21
23
28
25
21
22
22
29
26
28
27
29
27
31
32
29
31
31
58
56
44
41
54
22
19
20
14
14
19
21
37
22
20
32
22
30
27
20
27
21
22
19
29
36
26
24
26
44
33
66
56
43
17
31
20
31
30
24
15
15
24
18
18
22
31
25
21
19
28
25
34
20
31
35
31
29
31
33
27
43
42
51
23
15
30
26
23
31
19
31
31
20
25
26
28
24
21
27
21
29
29
20
38
34
28
29
24
70
40
49
69
39
33
24
26
20
30
19
24
19
21
20
28
29
22
30
29
28
27
30
34
27
35
33
34
33
31
53
47
43
30
54
21
30
30
30
29
25
23
32
23
28
29
27
25
32
28
28
29
25
31
44
63
29
49
48
25
28
29
23
22
25
26
26
24
26
25
28
32
31
27
37
31
28
24
30
34
29
29
29
30
51
31
35
47
45
23
28
25
15
20
21
30
25
29
22
18
29
27
24
25
26
29
29
39
24
31
30
33
26
64
37
26
38
33
21
23
16
24
18
26
36
21
36
18
21
28
24
24
27
24
27
27
22
24
29
38
34
28
32
51
63
27
39
61
21
24
26
24
23
17
15
25
15
18
25
16
25
18
25
19
26
24
24
21
32
30
33
27
66
64
41
25
48
21
32
19
21
18
23
20
26
29
20
18
22
25
23
21
24
26
28
27
26
31
32
31
30
29
60
66
63
44
52
26
29
23
30
17
30
23
28
29
22
22
32
23
28
26
21
22
23
23
21
39
39
27
36
46
56
43
47
22
16
26
22
19
33
23
24
17
21
34
32
22
23
25
26
27
23
32
33
33
32
38
47
41
49
30
28
27
24
29
33
27
21
19
27
17
30
19
25
25
29
26
31
35
69
65
45
50
50
25
25
23
33
23
29
27
25
20
24
24
25
21
25
24
22
31
34
25
33
32
28
32
43
47
70
55
64
30
23
33
24
29
31
31
28
29
29
25
26
28
27
31
20
23
27
23
33
33
30
31
33
31
32
30
40
46
34
20
22
24
21
23
34
22
29
29
29
29
32
31
29
28
25
31
30
31
31
32
31
33
33
43
27
45
44
53
23
22
25
25
25
25
28
25
22
26
27
23
20
24
30
23
22
35
31
41
33
27
68
45
48
67
26
22
23
23
18
24
24
30
28
28
26
28
27
24
22
27
23
26
28
31
30
30
34
31
34
56
46
46
46
21
34
28
23
16
19
13
29
21
22
25
29
26
26
23
21
30
22
24
22
30
31
30
35
33
66
36
65
39
44
14
16
21
22
19
16
16
23
15
18
19
32
26
27
22
21
28
25
24
25
34
35
32
32
33
56
37
50
29
59
23
21
24
23
22
27
21
23
32
33
19
30
32
32
20
24
22
21
35
30
24
32
29
44
47
61
54
40
17
21
39
32
39
27
30
26
25
28
24
33
24
30
32
24
29
23
22
35
27
31
37
32
62
56
34
55
58
23
30
26
24
23
22
29
23
21
15
21
28
25
20
20
24
23
22
24
21
29
33
27
46
53
39
67
33
17
16
24
24
28
37
32
22
21
28
25
23
26
27
22
33
35
23
22
29
33
30
30
26
32
63
33
33
48
34
23
24
24
30
21
19
25
22
32
23
31
26
25
24
28
23
25
21
36
23
36
28
44
33
61
48
46
24
32
26
24
26
21
27
28
32
35
23
24
26
32
23
24
26
24
28
25
33
24
28
32
30
54
35
39
43
39
19
24
27
31
22
22
25
24
36
31
27
26
24
21
28
28
31
30
26
28
28
32
32
29
28
40
39
66
31
67
27
31
21
35
36
23
18
25
25
21
25
20
26
31
22
21
24
27
30
23
29
32
30
29
57
44
37
41
49
24
29
30
33
22
26
32
28
27
29
26
27
29
29
32
21
23
24
24
21
32
34
25
25
46
59
45
64
19
25
22
20
21
22
24
32
31
22
27
25
25
21
26
23
29
27
30
32
28
32
32
35
47
45
34
32
45
17
18
18
29
18
19
15
25
30
24
31
24
22
32
20
21
24
23
29
23
28
30
39
35
50
59
28
54
65
17
26
24
21
25
22
18
23
27
26
23
22
22
29
21
30
21
27
25
21
24
29
30
28
31
28
40
36
50
54
34
20
21
15
19
17
27
23
27
22
19
23
26
21
22
20
27
28
27
20
28
40
35
40
31
37
51
34
39
44
19
29
21
30
17
21
21
24
26
20
20
20
22
27
20
21
24
27
22
24
32
31
28
28
32
55
34
45
30
53
24
34
27
28
21
23
25
23
21
22
24
20
22
24
22
22
22
25
23
21
35
29
36
24
47
43
29
39
59
23
21
26
18
21
27
24
27
27
24
20
21
27
21
24
29
23
23
21
27
36
34
32
36
32
48
64
35
38
24
24
27
28
24
28
26
23
21
23
30
23
25
24
25
29
30
22
25
32
29
31
25
29
42
47
44
23
24
23
24
28
32
28
29
21
24
33
21
30
33
32
26
32
30
30
25
34
32
24
42
40
36
26
28
21
30
31
23
37
29
27
23
27
37
25
26
29
24
22
23
33
27
28
29
59
67
41
30
39
25
32
31
30
20
31
33
28
27
23
27
26
26
24
23
26
34
24
33
30
37
39
31
31
54
36
31
43
25
24
27
34
31
33
23
28
27
27
22
24
28
27
26
25
32
27
28
29
33
28
33
31
32
52
47
37
50
49
23
23
27
23
27
19
30
28
31
26
24
30
21
22
26
29
23
24
30
31
33
28
34
25
50
28
42
59
25
28
24
22
21
22
21
24
25
27
25
28
28
28
29
25
24
27
26
21
40
28
30
25
61
29
66
36
46
20
21
15
16
17
23
34
23
30
20
22
30
30
30
22
22
26
29
24
29
34
30
30
30
31
55
63
43
44
32
28
31
26
28
24
16
29
30
31
22
26
33
22
24
26
23
24
25
30
34
24
39
26
35
31
44
43
54
26
24
27
26
22
26
25
26
25
19
24
24
25
28
26
26
29
30
23
34
37
29
27
31
55
55
42
43
38
22
19
32
31
29
24
23
29
29
21
23
24
26
28
23
21
23
25
27
22
34
41
29
28
24
50
71
52
54
48
30
20
27
26
16
24
24
28
23
22
23
26
28
30
26
29
26
28
28
23
29
32
27
33
30
57
55
40
53
59
35
30
21
16
29
34
19
31
21
26
24
23
26
28
18
22
31
26
22
34